0 -233.817 -202.311 -185.142 -150.45 -147.972 -104.607 -104.607 -93.456 -81.243 -87.615
0 -103.191 -86.376 -111.687 -124.254 -144.963 -231.693 -251.163 -238.773 -234.525 -228.68400000000003
0 -226.383 -209.745 -208.329 -224.259 -198.771 -185.673 -190.452 -190.275 -193.284 -179.832
0 -188.859 -189.567 -189.567 -178.593 -178.593 -142.131 -173.283 -171.513 -177.17700000000005 -170.805
0 -164.079 -166.203 -177.885 -166.02599999999995 -167.442 -159.477 -173.283 -164.25599999999997 -163.90200000000004 -149.74200000000005
0 -157.53 -157.53 -157.53 -157.53 -164.433 -164.433 -164.433 -149.211 -149.211 -149.211
0 -149.211 -150.096 -168.68099999999995 -158.415 -190.983 -173.81400000000005 -180.186 -87.43799999999997 -125.316 -131.511
0 -155.406 -173.637 -168.327 -158.946 -138.414 1667.871 1072.443 -481.617 -141.77700000000004 -141.77700000000004
0 -142.308 -142.308 -142.308 -142.308 -151.866 -151.866 -151.866 -163.017 -163.017 -163.017
0 -178.239 -173.991 -175.407 -248.331 -308.334 -308.334 -298.599 -305.6790000000001 -288.333 -290.103
0 -277.536 -287.9790000000001 -281.961 -279.66 -279.66 -274.173 -262.137 -262.137 -254.703 -242.667
0 -232.047 -232.047 -238.95 -229.923 -208.683 -208.506 -205.851 -201.603 -222.489 -183.549
-233.817 -202.311 -185.142 -150.45 -147.972 -104.607 -104.607 -93.456 -81.243 -87.615
-103.191 -86.376 -111.687 -124.254 -144.963 -231.693 -251.163 -238.773 -234.525 -228.68400000000003
-226.383 -209.745 -208.329 -224.259 -198.771 -185.673 -190.452 -190.275 -193.284 -179.832
-188.859 -189.567 -189.567 -178.593 -178.593 -142.131 -173.283 -171.513 -177.17700000000005 -170.805
-164.079 -166.203 -177.885 -166.02599999999995 -167.442 -159.477 -173.283 -164.25599999999997 -163.90200000000004 -149.74200000000005
-157.53 -157.53 -157.53 -157.53 -164.433 -164.433 -164.433 -149.211 -149.211 -149.211
-149.211 -150.096 -168.68099999999995 -158.415 -190.983 -173.81400000000005 -180.186 -87.43799999999997 -125.316 -131.511
-155.406 -173.637 -168.327 -158.946 -138.414 1667.871 1072.443 -481.617 -141.77700000000004 -141.77700000000004
-142.308 -142.308 -142.308 -142.308 -151.866 -151.866 -151.866 -163.017 -163.017 -163.017
-178.239 -173.991 -175.407 -248.331 -308.334 -308.334 -298.599 -305.6790000000001 -288.333 -290.103
-277.536 -287.9790000000001 -281.961 -279.66 -279.66 -274.173 -262.137 -262.137 -254.703 -242.667
-232.047 -232.047 -238.95 -229.923 -208.683 -208.506 -205.851 -201.603 -222.489 -183.549
