-233.817
-202.31099999999998
-185.142
-150.45
-147.972
-104.60700000000001
-104.60700000000001
-93.456
-81.243
-87.615
-103.191
-86.376
-111.68700000000001
-124.25399999999999
-144.963
-231.69299999999998
-251.16299999999998
-238.773
-234.525
-228.68400000000003
-226.38299999999998
-209.745
-208.329
-224.25900000000001
-198.771
-185.673
-190.452
-190.275
-193.28400000000002
-179.832
-188.859
-189.567
-189.567
-178.593
-178.593
-142.131
-173.283
-171.513
-177.17700000000002
-170.805
-164.079
-166.203
-177.885
-166.02599999999998
-167.442
-159.477
-173.283
-164.25599999999997
-163.90200000000002
-149.74200000000002
-157.53
-157.53
-157.53
-157.53
-164.433
-164.433
-164.433
-149.211
-149.211
-149.211
-149.211
-150.096
-168.68099999999998
-158.415
-190.983
-173.81400000000002
-180.18599999999998
-87.43799999999999
-125.316
-131.511
-155.406
-173.637
-168.327
-158.946
-138.414
1667.871
1072.443
-481.61699999999996
-141.77700000000002
-141.77700000000002
-142.308
-142.308
-142.308
-142.308
-151.866
-151.866
-151.866
-163.017
-163.017
-163.017
-178.239
-173.99099999999999
-175.407
-248.331
-308.334
-308.334
-298.599
-305.67900000000003
-288.33299999999997
-290.103
-277.536
-287.97900000000004
-281.961
-279.66
-279.66
-274.173
-262.137
-262.137
-254.703
-242.667
-232.047
-232.047
-238.95
-229.923
-208.683
-208.50599999999997
-205.851
-201.60299999999998
-222.489
-183.549
